{
 "cells": [
  {
   "cell_type": "markdown",
   "id": "2cce2977",
   "metadata": {},
   "source": [
    "## 3: FIRST ALGORITHM - WHEN WILL THEY SHOP?\n",
    "\n",
    "\n",
    "1. build grid: when do/dont they shop, how many times, on which day...\n",
    "2. define priliminaries for algorithm\n",
    "3. define filters for algorithm\n",
    "4. RUN algorithm \n",
    "\n",
    "\n",
    "----\n",
    "\n",
    "\n",
    "Outcome (example):\n",
    "1. input: Wednesday\n",
    "2. output: TRUE, 1x\n",
    "\n",
    "Outcome pt. 2 (example):\n",
    "1. input: 12:45 (time)\n",
    "2. output: noon, TRUE\n",
    "\n",
    "or\n",
    "\n",
    "1. input: 19:34 (time)\n",
    "2. output: evening, FALSE"
   ]
  },
  {
   "cell_type": "markdown",
   "id": "87a037df",
   "metadata": {},
   "source": [
    "### Import libraries "
   ]
  },
  {
   "cell_type": "code",
   "execution_count": 1,
   "id": "419cb39a",
   "metadata": {},
   "outputs": [],
   "source": [
    "# %matplotlib notebook\n",
    "%matplotlib inline\n",
    "#Pandas is a software library written for the Python programming language for data manipulation and analysis.\n",
    "import pandas as pd\n",
    "#NumPy is a library for the Python programming language, adding support for large, multi-dimensional arrays and matrices, along with a large collection of high-level mathematical functions to operate on these arrays\n",
    "import numpy as np\n",
    "# Matplotlib is a plotting library for python and pyplot gives us a MatLab like plotting framework. We will use this in our plotter function to plot data.\n",
    "import matplotlib.pyplot as plt\n",
    "#Seaborn is a Python data visualization library based on matplotlib. It provides a high-level interface for drawing attractive and informative statistical graphics\n",
    "import seaborn as sns\n",
    "import dataframe_image as dfi\n",
    "from datetime import time\n",
    "import matplotlib.dates as mdates\n",
    "from matplotlib.ticker import StrMethodFormatter\n",
    "from matplotlib.pyplot import figure\n",
    "\n",
    "\n",
    "\n",
    "from sklearn.cluster import KMeans\n",
    "from sklearn.datasets import make_blobs\n",
    "from sklearn.ensemble import RandomForestClassifier\n",
    "from sklearn.linear_model import LinearRegression\n",
    "from sklearn.metrics import mean_absolute_error, mean_squared_error\n",
    "from sklearn.tree import DecisionTreeClassifier, export_graphviz, plot_tree"
   ]
  },
  {
   "cell_type": "code",
   "execution_count": 2,
   "id": "bd644e3a",
   "metadata": {},
   "outputs": [],
   "source": [
    "# importing the required function\n",
    "from scipy.stats import chi2_contingency"
   ]
  },
  {
   "cell_type": "markdown",
   "id": "f10011bb",
   "metadata": {},
   "source": [
    "### Load and view data "
   ]
  },
  {
   "cell_type": "code",
   "execution_count": 33,
   "id": "f90057bd",
   "metadata": {},
   "outputs": [],
   "source": [
    "df = pd.read_csv (r\"C:\\Users\\20204113\\OneDrive - TU Eindhoven\\2_Research\\1_Groceries\\DATA\\9th week - narrative (3rd attempt)\\HH2\\df\\df_HH2.csv\")\n",
    "\n",
    "# del df[\"HH\"]\n",
    "# df.describe(include='all')"
   ]
  },
  {
   "cell_type": "code",
   "execution_count": 4,
   "id": "2750f198",
   "metadata": {
    "collapsed": true
   },
   "outputs": [
    {
     "data": {
      "text/html": [
       "<div>\n",
       "<style scoped>\n",
       "    .dataframe tbody tr th:only-of-type {\n",
       "        vertical-align: middle;\n",
       "    }\n",
       "\n",
       "    .dataframe tbody tr th {\n",
       "        vertical-align: top;\n",
       "    }\n",
       "\n",
       "    .dataframe thead th {\n",
       "        text-align: right;\n",
       "    }\n",
       "</style>\n",
       "<table border=\"1\" class=\"dataframe\">\n",
       "  <thead>\n",
       "    <tr style=\"text-align: right;\">\n",
       "      <th></th>\n",
       "      <th>week</th>\n",
       "      <th>order_ID</th>\n",
       "      <th>amount</th>\n",
       "      <th>price_unit</th>\n",
       "      <th>price_total</th>\n",
       "      <th>promo</th>\n",
       "      <th>reorder</th>\n",
       "      <th>item_id</th>\n",
       "      <th>type_id</th>\n",
       "      <th>order_amount</th>\n",
       "      <th>order_price</th>\n",
       "      <th>day_num</th>\n",
       "      <th>storetype_num</th>\n",
       "      <th>storename_num</th>\n",
       "      <th>cat_num</th>\n",
       "      <th>time_num</th>\n",
       "      <th>timestamp</th>\n",
       "      <th>times_min</th>\n",
       "      <th>dates_days</th>\n",
       "    </tr>\n",
       "  </thead>\n",
       "  <tbody>\n",
       "    <tr>\n",
       "      <th>week</th>\n",
       "      <td>1.000000</td>\n",
       "      <td>0.983845</td>\n",
       "      <td>-0.006292</td>\n",
       "      <td>0.125175</td>\n",
       "      <td>0.115225</td>\n",
       "      <td>0.010478</td>\n",
       "      <td>0.260352</td>\n",
       "      <td>0.868604</td>\n",
       "      <td>0.439799</td>\n",
       "      <td>-0.167393</td>\n",
       "      <td>-0.026339</td>\n",
       "      <td>0.037875</td>\n",
       "      <td>0.060433</td>\n",
       "      <td>-0.127705</td>\n",
       "      <td>0.085194</td>\n",
       "      <td>0.460643</td>\n",
       "      <td>0.985761</td>\n",
       "      <td>-0.402949</td>\n",
       "      <td>0.846191</td>\n",
       "    </tr>\n",
       "    <tr>\n",
       "      <th>order_ID</th>\n",
       "      <td>0.983845</td>\n",
       "      <td>1.000000</td>\n",
       "      <td>0.005611</td>\n",
       "      <td>0.134515</td>\n",
       "      <td>0.129346</td>\n",
       "      <td>0.030952</td>\n",
       "      <td>0.283895</td>\n",
       "      <td>0.883791</td>\n",
       "      <td>0.462646</td>\n",
       "      <td>-0.118124</td>\n",
       "      <td>0.011544</td>\n",
       "      <td>0.048467</td>\n",
       "      <td>0.080177</td>\n",
       "      <td>-0.125979</td>\n",
       "      <td>0.082275</td>\n",
       "      <td>0.410639</td>\n",
       "      <td>0.972776</td>\n",
       "      <td>-0.386738</td>\n",
       "      <td>0.799191</td>\n",
       "    </tr>\n",
       "    <tr>\n",
       "      <th>amount</th>\n",
       "      <td>-0.006292</td>\n",
       "      <td>0.005611</td>\n",
       "      <td>1.000000</td>\n",
       "      <td>-0.209230</td>\n",
       "      <td>0.165403</td>\n",
       "      <td>-0.048528</td>\n",
       "      <td>0.010651</td>\n",
       "      <td>-0.043050</td>\n",
       "      <td>0.024686</td>\n",
       "      <td>-0.012262</td>\n",
       "      <td>-0.062144</td>\n",
       "      <td>0.163514</td>\n",
       "      <td>-0.112660</td>\n",
       "      <td>0.171548</td>\n",
       "      <td>-0.292798</td>\n",
       "      <td>0.044981</td>\n",
       "      <td>-0.022860</td>\n",
       "      <td>-0.049977</td>\n",
       "      <td>-0.071387</td>\n",
       "    </tr>\n",
       "    <tr>\n",
       "      <th>price_unit</th>\n",
       "      <td>0.125175</td>\n",
       "      <td>0.134515</td>\n",
       "      <td>-0.209230</td>\n",
       "      <td>1.000000</td>\n",
       "      <td>0.899533</td>\n",
       "      <td>0.183813</td>\n",
       "      <td>0.053878</td>\n",
       "      <td>0.136462</td>\n",
       "      <td>0.029568</td>\n",
       "      <td>-0.041801</td>\n",
       "      <td>0.030875</td>\n",
       "      <td>0.071248</td>\n",
       "      <td>0.061079</td>\n",
       "      <td>-0.066105</td>\n",
       "      <td>0.139905</td>\n",
       "      <td>0.083835</td>\n",
       "      <td>0.115674</td>\n",
       "      <td>-0.084926</td>\n",
       "      <td>0.083845</td>\n",
       "    </tr>\n",
       "    <tr>\n",
       "      <th>price_total</th>\n",
       "      <td>0.115225</td>\n",
       "      <td>0.129346</td>\n",
       "      <td>0.165403</td>\n",
       "      <td>0.899533</td>\n",
       "      <td>1.000000</td>\n",
       "      <td>0.179947</td>\n",
       "      <td>0.050948</td>\n",
       "      <td>0.110975</td>\n",
       "      <td>0.035410</td>\n",
       "      <td>-0.055200</td>\n",
       "      <td>0.010706</td>\n",
       "      <td>0.133835</td>\n",
       "      <td>0.002398</td>\n",
       "      <td>0.011269</td>\n",
       "      <td>0.009179</td>\n",
       "      <td>0.121559</td>\n",
       "      <td>0.096362</td>\n",
       "      <td>-0.126275</td>\n",
       "      <td>0.046190</td>\n",
       "    </tr>\n",
       "    <tr>\n",
       "      <th>promo</th>\n",
       "      <td>0.010478</td>\n",
       "      <td>0.030952</td>\n",
       "      <td>-0.048528</td>\n",
       "      <td>0.183813</td>\n",
       "      <td>0.179947</td>\n",
       "      <td>1.000000</td>\n",
       "      <td>-0.008377</td>\n",
       "      <td>0.037797</td>\n",
       "      <td>0.087143</td>\n",
       "      <td>-0.080867</td>\n",
       "      <td>-0.017922</td>\n",
       "      <td>0.033664</td>\n",
       "      <td>0.136420</td>\n",
       "      <td>-0.234044</td>\n",
       "      <td>0.099472</td>\n",
       "      <td>0.086898</td>\n",
       "      <td>0.002949</td>\n",
       "      <td>0.040621</td>\n",
       "      <td>-0.033650</td>\n",
       "    </tr>\n",
       "    <tr>\n",
       "      <th>reorder</th>\n",
       "      <td>0.260352</td>\n",
       "      <td>0.283895</td>\n",
       "      <td>0.010651</td>\n",
       "      <td>0.053878</td>\n",
       "      <td>0.050948</td>\n",
       "      <td>-0.008377</td>\n",
       "      <td>1.000000</td>\n",
       "      <td>0.168060</td>\n",
       "      <td>-0.425993</td>\n",
       "      <td>-0.168441</td>\n",
       "      <td>-0.131657</td>\n",
       "      <td>-0.000282</td>\n",
       "      <td>-0.233592</td>\n",
       "      <td>0.131240</td>\n",
       "      <td>-0.025548</td>\n",
       "      <td>0.129118</td>\n",
       "      <td>0.253852</td>\n",
       "      <td>-0.206410</td>\n",
       "      <td>0.186957</td>\n",
       "    </tr>\n",
       "    <tr>\n",
       "      <th>item_id</th>\n",
       "      <td>0.868604</td>\n",
       "      <td>0.883791</td>\n",
       "      <td>-0.043050</td>\n",
       "      <td>0.136462</td>\n",
       "      <td>0.110975</td>\n",
       "      <td>0.037797</td>\n",
       "      <td>0.168060</td>\n",
       "      <td>1.000000</td>\n",
       "      <td>0.513005</td>\n",
       "      <td>-0.019072</td>\n",
       "      <td>0.097113</td>\n",
       "      <td>0.072079</td>\n",
       "      <td>0.204650</td>\n",
       "      <td>-0.209381</td>\n",
       "      <td>0.136839</td>\n",
       "      <td>0.298844</td>\n",
       "      <td>0.863728</td>\n",
       "      <td>-0.297583</td>\n",
       "      <td>0.706667</td>\n",
       "    </tr>\n",
       "    <tr>\n",
       "      <th>type_id</th>\n",
       "      <td>0.439799</td>\n",
       "      <td>0.462646</td>\n",
       "      <td>0.024686</td>\n",
       "      <td>0.029568</td>\n",
       "      <td>0.035410</td>\n",
       "      <td>0.087143</td>\n",
       "      <td>-0.425993</td>\n",
       "      <td>0.513005</td>\n",
       "      <td>1.000000</td>\n",
       "      <td>0.050808</td>\n",
       "      <td>0.100285</td>\n",
       "      <td>0.079263</td>\n",
       "      <td>0.204804</td>\n",
       "      <td>-0.113204</td>\n",
       "      <td>0.052111</td>\n",
       "      <td>0.151548</td>\n",
       "      <td>0.442193</td>\n",
       "      <td>-0.129875</td>\n",
       "      <td>0.352110</td>\n",
       "    </tr>\n",
       "    <tr>\n",
       "      <th>order_amount</th>\n",
       "      <td>-0.167393</td>\n",
       "      <td>-0.118124</td>\n",
       "      <td>-0.012262</td>\n",
       "      <td>-0.041801</td>\n",
       "      <td>-0.055200</td>\n",
       "      <td>-0.080867</td>\n",
       "      <td>-0.168441</td>\n",
       "      <td>-0.019072</td>\n",
       "      <td>0.050808</td>\n",
       "      <td>1.000000</td>\n",
       "      <td>0.920146</td>\n",
       "      <td>-0.116226</td>\n",
       "      <td>0.666429</td>\n",
       "      <td>-0.017109</td>\n",
       "      <td>0.154839</td>\n",
       "      <td>-0.379538</td>\n",
       "      <td>-0.163762</td>\n",
       "      <td>0.248016</td>\n",
       "      <td>-0.213740</td>\n",
       "    </tr>\n",
       "    <tr>\n",
       "      <th>order_price</th>\n",
       "      <td>-0.026339</td>\n",
       "      <td>0.011544</td>\n",
       "      <td>-0.062144</td>\n",
       "      <td>0.030875</td>\n",
       "      <td>0.010706</td>\n",
       "      <td>-0.017922</td>\n",
       "      <td>-0.131657</td>\n",
       "      <td>0.097113</td>\n",
       "      <td>0.100285</td>\n",
       "      <td>0.920146</td>\n",
       "      <td>1.000000</td>\n",
       "      <td>-0.163981</td>\n",
       "      <td>0.685969</td>\n",
       "      <td>-0.128586</td>\n",
       "      <td>0.212201</td>\n",
       "      <td>-0.204887</td>\n",
       "      <td>-0.036339</td>\n",
       "      <td>0.069463</td>\n",
       "      <td>-0.076563</td>\n",
       "    </tr>\n",
       "    <tr>\n",
       "      <th>day_num</th>\n",
       "      <td>0.037875</td>\n",
       "      <td>0.048467</td>\n",
       "      <td>0.163514</td>\n",
       "      <td>0.071248</td>\n",
       "      <td>0.133835</td>\n",
       "      <td>0.033664</td>\n",
       "      <td>-0.000282</td>\n",
       "      <td>0.072079</td>\n",
       "      <td>0.079263</td>\n",
       "      <td>-0.116226</td>\n",
       "      <td>-0.163981</td>\n",
       "      <td>1.000000</td>\n",
       "      <td>-0.069984</td>\n",
       "      <td>0.332089</td>\n",
       "      <td>-0.108269</td>\n",
       "      <td>0.375540</td>\n",
       "      <td>-0.031768</td>\n",
       "      <td>-0.316375</td>\n",
       "      <td>-0.197257</td>\n",
       "    </tr>\n",
       "    <tr>\n",
       "      <th>storetype_num</th>\n",
       "      <td>0.060433</td>\n",
       "      <td>0.080177</td>\n",
       "      <td>-0.112660</td>\n",
       "      <td>0.061079</td>\n",
       "      <td>0.002398</td>\n",
       "      <td>0.136420</td>\n",
       "      <td>-0.233592</td>\n",
       "      <td>0.204650</td>\n",
       "      <td>0.204804</td>\n",
       "      <td>0.666429</td>\n",
       "      <td>0.685969</td>\n",
       "      <td>-0.069984</td>\n",
       "      <td>1.000000</td>\n",
       "      <td>-0.471853</td>\n",
       "      <td>0.335379</td>\n",
       "      <td>-0.229209</td>\n",
       "      <td>0.087094</td>\n",
       "      <td>0.348492</td>\n",
       "      <td>0.062080</td>\n",
       "    </tr>\n",
       "    <tr>\n",
       "      <th>storename_num</th>\n",
       "      <td>-0.127705</td>\n",
       "      <td>-0.125979</td>\n",
       "      <td>0.171548</td>\n",
       "      <td>-0.066105</td>\n",
       "      <td>0.011269</td>\n",
       "      <td>-0.234044</td>\n",
       "      <td>0.131240</td>\n",
       "      <td>-0.209381</td>\n",
       "      <td>-0.113204</td>\n",
       "      <td>-0.017109</td>\n",
       "      <td>-0.128586</td>\n",
       "      <td>0.332089</td>\n",
       "      <td>-0.471853</td>\n",
       "      <td>1.000000</td>\n",
       "      <td>-0.270087</td>\n",
       "      <td>0.159855</td>\n",
       "      <td>-0.165459</td>\n",
       "      <td>-0.390154</td>\n",
       "      <td>-0.182963</td>\n",
       "    </tr>\n",
       "    <tr>\n",
       "      <th>cat_num</th>\n",
       "      <td>0.085194</td>\n",
       "      <td>0.082275</td>\n",
       "      <td>-0.292798</td>\n",
       "      <td>0.139905</td>\n",
       "      <td>0.009179</td>\n",
       "      <td>0.099472</td>\n",
       "      <td>-0.025548</td>\n",
       "      <td>0.136839</td>\n",
       "      <td>0.052111</td>\n",
       "      <td>0.154839</td>\n",
       "      <td>0.212201</td>\n",
       "      <td>-0.108269</td>\n",
       "      <td>0.335379</td>\n",
       "      <td>-0.270087</td>\n",
       "      <td>1.000000</td>\n",
       "      <td>-0.116857</td>\n",
       "      <td>0.098262</td>\n",
       "      <td>0.138297</td>\n",
       "      <td>0.098177</td>\n",
       "    </tr>\n",
       "    <tr>\n",
       "      <th>time_num</th>\n",
       "      <td>0.460643</td>\n",
       "      <td>0.410639</td>\n",
       "      <td>0.044981</td>\n",
       "      <td>0.083835</td>\n",
       "      <td>0.121559</td>\n",
       "      <td>0.086898</td>\n",
       "      <td>0.129118</td>\n",
       "      <td>0.298844</td>\n",
       "      <td>0.151548</td>\n",
       "      <td>-0.379538</td>\n",
       "      <td>-0.204887</td>\n",
       "      <td>0.375540</td>\n",
       "      <td>-0.229209</td>\n",
       "      <td>0.159855</td>\n",
       "      <td>-0.116857</td>\n",
       "      <td>1.000000</td>\n",
       "      <td>0.389622</td>\n",
       "      <td>-0.741985</td>\n",
       "      <td>0.308242</td>\n",
       "    </tr>\n",
       "    <tr>\n",
       "      <th>timestamp</th>\n",
       "      <td>0.985761</td>\n",
       "      <td>0.972776</td>\n",
       "      <td>-0.022860</td>\n",
       "      <td>0.115674</td>\n",
       "      <td>0.096362</td>\n",
       "      <td>0.002949</td>\n",
       "      <td>0.253852</td>\n",
       "      <td>0.863728</td>\n",
       "      <td>0.442193</td>\n",
       "      <td>-0.163762</td>\n",
       "      <td>-0.036339</td>\n",
       "      <td>-0.031768</td>\n",
       "      <td>0.087094</td>\n",
       "      <td>-0.165459</td>\n",
       "      <td>0.098262</td>\n",
       "      <td>0.389622</td>\n",
       "      <td>1.000000</td>\n",
       "      <td>-0.350025</td>\n",
       "      <td>0.910300</td>\n",
       "    </tr>\n",
       "    <tr>\n",
       "      <th>times_min</th>\n",
       "      <td>-0.402949</td>\n",
       "      <td>-0.386738</td>\n",
       "      <td>-0.049977</td>\n",
       "      <td>-0.084926</td>\n",
       "      <td>-0.126275</td>\n",
       "      <td>0.040621</td>\n",
       "      <td>-0.206410</td>\n",
       "      <td>-0.297583</td>\n",
       "      <td>-0.129875</td>\n",
       "      <td>0.248016</td>\n",
       "      <td>0.069463</td>\n",
       "      <td>-0.316375</td>\n",
       "      <td>0.348492</td>\n",
       "      <td>-0.390154</td>\n",
       "      <td>0.138297</td>\n",
       "      <td>-0.741985</td>\n",
       "      <td>-0.350025</td>\n",
       "      <td>1.000000</td>\n",
       "      <td>-0.291386</td>\n",
       "    </tr>\n",
       "    <tr>\n",
       "      <th>dates_days</th>\n",
       "      <td>0.846191</td>\n",
       "      <td>0.799191</td>\n",
       "      <td>-0.071387</td>\n",
       "      <td>0.083845</td>\n",
       "      <td>0.046190</td>\n",
       "      <td>-0.033650</td>\n",
       "      <td>0.186957</td>\n",
       "      <td>0.706667</td>\n",
       "      <td>0.352110</td>\n",
       "      <td>-0.213740</td>\n",
       "      <td>-0.076563</td>\n",
       "      <td>-0.197257</td>\n",
       "      <td>0.062080</td>\n",
       "      <td>-0.182963</td>\n",
       "      <td>0.098177</td>\n",
       "      <td>0.308242</td>\n",
       "      <td>0.910300</td>\n",
       "      <td>-0.291386</td>\n",
       "      <td>1.000000</td>\n",
       "    </tr>\n",
       "  </tbody>\n",
       "</table>\n",
       "</div>"
      ],
      "text/plain": [
       "                   week  order_ID    amount  price_unit  price_total  \\\n",
       "week           1.000000  0.983845 -0.006292    0.125175     0.115225   \n",
       "order_ID       0.983845  1.000000  0.005611    0.134515     0.129346   \n",
       "amount        -0.006292  0.005611  1.000000   -0.209230     0.165403   \n",
       "price_unit     0.125175  0.134515 -0.209230    1.000000     0.899533   \n",
       "price_total    0.115225  0.129346  0.165403    0.899533     1.000000   \n",
       "promo          0.010478  0.030952 -0.048528    0.183813     0.179947   \n",
       "reorder        0.260352  0.283895  0.010651    0.053878     0.050948   \n",
       "item_id        0.868604  0.883791 -0.043050    0.136462     0.110975   \n",
       "type_id        0.439799  0.462646  0.024686    0.029568     0.035410   \n",
       "order_amount  -0.167393 -0.118124 -0.012262   -0.041801    -0.055200   \n",
       "order_price   -0.026339  0.011544 -0.062144    0.030875     0.010706   \n",
       "day_num        0.037875  0.048467  0.163514    0.071248     0.133835   \n",
       "storetype_num  0.060433  0.080177 -0.112660    0.061079     0.002398   \n",
       "storename_num -0.127705 -0.125979  0.171548   -0.066105     0.011269   \n",
       "cat_num        0.085194  0.082275 -0.292798    0.139905     0.009179   \n",
       "time_num       0.460643  0.410639  0.044981    0.083835     0.121559   \n",
       "timestamp      0.985761  0.972776 -0.022860    0.115674     0.096362   \n",
       "times_min     -0.402949 -0.386738 -0.049977   -0.084926    -0.126275   \n",
       "dates_days     0.846191  0.799191 -0.071387    0.083845     0.046190   \n",
       "\n",
       "                  promo   reorder   item_id   type_id  order_amount  \\\n",
       "week           0.010478  0.260352  0.868604  0.439799     -0.167393   \n",
       "order_ID       0.030952  0.283895  0.883791  0.462646     -0.118124   \n",
       "amount        -0.048528  0.010651 -0.043050  0.024686     -0.012262   \n",
       "price_unit     0.183813  0.053878  0.136462  0.029568     -0.041801   \n",
       "price_total    0.179947  0.050948  0.110975  0.035410     -0.055200   \n",
       "promo          1.000000 -0.008377  0.037797  0.087143     -0.080867   \n",
       "reorder       -0.008377  1.000000  0.168060 -0.425993     -0.168441   \n",
       "item_id        0.037797  0.168060  1.000000  0.513005     -0.019072   \n",
       "type_id        0.087143 -0.425993  0.513005  1.000000      0.050808   \n",
       "order_amount  -0.080867 -0.168441 -0.019072  0.050808      1.000000   \n",
       "order_price   -0.017922 -0.131657  0.097113  0.100285      0.920146   \n",
       "day_num        0.033664 -0.000282  0.072079  0.079263     -0.116226   \n",
       "storetype_num  0.136420 -0.233592  0.204650  0.204804      0.666429   \n",
       "storename_num -0.234044  0.131240 -0.209381 -0.113204     -0.017109   \n",
       "cat_num        0.099472 -0.025548  0.136839  0.052111      0.154839   \n",
       "time_num       0.086898  0.129118  0.298844  0.151548     -0.379538   \n",
       "timestamp      0.002949  0.253852  0.863728  0.442193     -0.163762   \n",
       "times_min      0.040621 -0.206410 -0.297583 -0.129875      0.248016   \n",
       "dates_days    -0.033650  0.186957  0.706667  0.352110     -0.213740   \n",
       "\n",
       "               order_price   day_num  storetype_num  storename_num   cat_num  \\\n",
       "week             -0.026339  0.037875       0.060433      -0.127705  0.085194   \n",
       "order_ID          0.011544  0.048467       0.080177      -0.125979  0.082275   \n",
       "amount           -0.062144  0.163514      -0.112660       0.171548 -0.292798   \n",
       "price_unit        0.030875  0.071248       0.061079      -0.066105  0.139905   \n",
       "price_total       0.010706  0.133835       0.002398       0.011269  0.009179   \n",
       "promo            -0.017922  0.033664       0.136420      -0.234044  0.099472   \n",
       "reorder          -0.131657 -0.000282      -0.233592       0.131240 -0.025548   \n",
       "item_id           0.097113  0.072079       0.204650      -0.209381  0.136839   \n",
       "type_id           0.100285  0.079263       0.204804      -0.113204  0.052111   \n",
       "order_amount      0.920146 -0.116226       0.666429      -0.017109  0.154839   \n",
       "order_price       1.000000 -0.163981       0.685969      -0.128586  0.212201   \n",
       "day_num          -0.163981  1.000000      -0.069984       0.332089 -0.108269   \n",
       "storetype_num     0.685969 -0.069984       1.000000      -0.471853  0.335379   \n",
       "storename_num    -0.128586  0.332089      -0.471853       1.000000 -0.270087   \n",
       "cat_num           0.212201 -0.108269       0.335379      -0.270087  1.000000   \n",
       "time_num         -0.204887  0.375540      -0.229209       0.159855 -0.116857   \n",
       "timestamp        -0.036339 -0.031768       0.087094      -0.165459  0.098262   \n",
       "times_min         0.069463 -0.316375       0.348492      -0.390154  0.138297   \n",
       "dates_days       -0.076563 -0.197257       0.062080      -0.182963  0.098177   \n",
       "\n",
       "               time_num  timestamp  times_min  dates_days  \n",
       "week           0.460643   0.985761  -0.402949    0.846191  \n",
       "order_ID       0.410639   0.972776  -0.386738    0.799191  \n",
       "amount         0.044981  -0.022860  -0.049977   -0.071387  \n",
       "price_unit     0.083835   0.115674  -0.084926    0.083845  \n",
       "price_total    0.121559   0.096362  -0.126275    0.046190  \n",
       "promo          0.086898   0.002949   0.040621   -0.033650  \n",
       "reorder        0.129118   0.253852  -0.206410    0.186957  \n",
       "item_id        0.298844   0.863728  -0.297583    0.706667  \n",
       "type_id        0.151548   0.442193  -0.129875    0.352110  \n",
       "order_amount  -0.379538  -0.163762   0.248016   -0.213740  \n",
       "order_price   -0.204887  -0.036339   0.069463   -0.076563  \n",
       "day_num        0.375540  -0.031768  -0.316375   -0.197257  \n",
       "storetype_num -0.229209   0.087094   0.348492    0.062080  \n",
       "storename_num  0.159855  -0.165459  -0.390154   -0.182963  \n",
       "cat_num       -0.116857   0.098262   0.138297    0.098177  \n",
       "time_num       1.000000   0.389622  -0.741985    0.308242  \n",
       "timestamp      0.389622   1.000000  -0.350025    0.910300  \n",
       "times_min     -0.741985  -0.350025   1.000000   -0.291386  \n",
       "dates_days     0.308242   0.910300  -0.291386    1.000000  "
      ]
     },
     "execution_count": 4,
     "metadata": {},
     "output_type": "execute_result"
    }
   ],
   "source": [
    "# use the corr function to display the correlation between all the features\n",
    "data_corr = df.corr()\n",
    "data_corr"
   ]
  },
  {
   "cell_type": "code",
   "execution_count": 88,
   "id": "52e43b89",
   "metadata": {},
   "outputs": [],
   "source": [
    "# df_count = df[['order_ID','store_name', 'day']]\n",
    "# df_count = df_count.drop_duplicates()\n",
    "# df_count = df_count.drop(columns=['order_ID'])\n",
    "# df_count.head()"
   ]
  },
  {
   "cell_type": "markdown",
   "id": "31a64028",
   "metadata": {},
   "source": [
    "# 1. DAY vs TIME (all orders)"
   ]
  },
  {
   "cell_type": "code",
   "execution_count": 34,
   "id": "04b6a807",
   "metadata": {},
   "outputs": [],
   "source": [
    "df_orders = df[['order_ID', 'store_name', 'storename_num', 'store_type', 'storetype_num','day', 'day_num', 'time', 'time_num', 'timestamp', 'times', 'dates', 'times_min', 'dates_days', 'order_amount', 'order_price']]\n",
    "df_orders = df_orders.drop_duplicates()"
   ]
  },
  {
   "cell_type": "code",
   "execution_count": 35,
   "id": "aadd8f0f",
   "metadata": {},
   "outputs": [
    {
     "name": "stdout",
     "output_type": "stream",
     "text": [
      "The P-Value of the ChiSq Test is: 0.1226046357444237\n"
     ]
    }
   ],
   "source": [
    "# Cross tabulation between DAY and TIME\n",
    "CrosstabResult=pd.crosstab(index=df_orders['time'],columns=df_orders['day'])\n",
    "print(CrosstabResult)\n",
    "\n",
    "\n",
    "# Performing Chi-sq test\n",
    "ChiSqResult = chi2_contingency(CrosstabResult)\n",
    "\n",
    "# P-Value is the Probability of H0 being True\n",
    "# If P-Value > 0.05 then only we Accept the assumption(H0)\n",
    "\n",
    "print('The P-Value of the ChiSq Test is:', ChiSqResult[1])"
   ]
  },
  {
   "cell_type": "code",
   "execution_count": 36,
   "id": "ab70bb4c",
   "metadata": {},
   "outputs": [
    {
     "name": "stdout",
     "output_type": "stream",
     "text": [
      "P-Value for Anova is:  0.07923696121350002\n"
     ]
    }
   ],
   "source": [
    "# f_oneway() function takes the group data as input and \n",
    "# returns F-statistic and P-value\n",
    "from scipy.stats import f_oneway\n",
    " \n",
    "# Assumption(H0) is that day and times are NOT correlated\n",
    " \n",
    "# Finds out the Prices data for each FuelType as a list\n",
    "CategoryGroupLists=df_orders.groupby('day')['times_min'].apply(list)\n",
    " \n",
    "# Performing the ANOVA test\n",
    "# We reject the Assumption(H0) only when P-Value < 0.05\n",
    "AnovaResults = f_oneway(*CategoryGroupLists)\n",
    "print('P-Value for Anova is: ', AnovaResults[1])"
   ]
  },
  {
   "cell_type": "code",
   "execution_count": 37,
   "id": "1bca9d32",
   "metadata": {},
   "outputs": [],
   "source": [
    "#Let's try afternoon and evening as one group\n",
    "df_orders['time'] = df_orders['time'].replace(['afternoon', 'evening'], 'afternoon')"
   ]
  },
  {
   "cell_type": "code",
   "execution_count": 39,
   "id": "fa607d10",
   "metadata": {},
   "outputs": [
    {
     "name": "stdout",
     "output_type": "stream",
     "text": [
      "day        Friday  Monday  Saturday  Sunday  Thursday  Tuesday  Wednesday\n",
      "time                                                                     \n",
      "afternoon       1       1         2       0         3        1          0\n",
      "morning         1       2         5       9         1        2          2\n",
      "noon            1       3         0       0         1        2          3\n",
      "The P-Value of the ChiSq Test is: 0.03936988225203821\n"
     ]
    }
   ],
   "source": [
    "# Cross tabulation between DAY and TIME\n",
    "CrosstabResult=pd.crosstab(index=df_orders['time'],columns=df_orders['day'])\n",
    "print(CrosstabResult)\n",
    "\n",
    "# Performing Chi-sq test\n",
    "ChiSqResult = chi2_contingency(CrosstabResult)\n",
    "\n",
    "# P-Value is the Probability of H0 being True\n",
    "# If P-Value > 0.05 then only we Accept the assumption(H0)\n",
    "\n",
    "print('The P-Value of the ChiSq Test is:', ChiSqResult[1])"
   ]
  },
  {
   "cell_type": "markdown",
   "id": "d1dd54c1",
   "metadata": {},
   "source": [
    "-\n",
    "# 2. Where?"
   ]
  },
  {
   "cell_type": "markdown",
   "id": "f4633980",
   "metadata": {},
   "source": [
    "## ALL ORDERS"
   ]
  },
  {
   "cell_type": "markdown",
   "id": "6bff361d",
   "metadata": {},
   "source": [
    "### check correlation per store TYPE"
   ]
  },
  {
   "cell_type": "code",
   "execution_count": 5,
   "id": "9b3af1d6",
   "metadata": {},
   "outputs": [],
   "source": [
    "df_orders = df[['order_ID', 'store_name', 'storename_num', 'store_type', 'storetype_num','day', 'day_num', 'time', 'time_num', 'timestamp', 'times', 'dates', 'times_min', 'dates_days', 'order_amount', 'order_price']]\n",
    "df_orders = df_orders.drop_duplicates()"
   ]
  },
  {
   "cell_type": "code",
   "execution_count": 14,
   "id": "bea9c5ff",
   "metadata": {
    "scrolled": false
   },
   "outputs": [
    {
     "data": {
      "text/html": [
       "<div>\n",
       "<style scoped>\n",
       "    .dataframe tbody tr th:only-of-type {\n",
       "        vertical-align: middle;\n",
       "    }\n",
       "\n",
       "    .dataframe tbody tr th {\n",
       "        vertical-align: top;\n",
       "    }\n",
       "\n",
       "    .dataframe thead th {\n",
       "        text-align: right;\n",
       "    }\n",
       "</style>\n",
       "<table border=\"1\" class=\"dataframe\">\n",
       "  <thead>\n",
       "    <tr style=\"text-align: right;\">\n",
       "      <th>day</th>\n",
       "      <th>Friday</th>\n",
       "      <th>Monday</th>\n",
       "      <th>Saturday</th>\n",
       "      <th>Sunday</th>\n",
       "      <th>Thursday</th>\n",
       "      <th>Tuesday</th>\n",
       "      <th>Wednesday</th>\n",
       "    </tr>\n",
       "    <tr>\n",
       "      <th>store_type</th>\n",
       "      <th></th>\n",
       "      <th></th>\n",
       "      <th></th>\n",
       "      <th></th>\n",
       "      <th></th>\n",
       "      <th></th>\n",
       "      <th></th>\n",
       "    </tr>\n",
       "  </thead>\n",
       "  <tbody>\n",
       "    <tr>\n",
       "      <th>bakery</th>\n",
       "      <td>0</td>\n",
       "      <td>1</td>\n",
       "      <td>3</td>\n",
       "      <td>5</td>\n",
       "      <td>0</td>\n",
       "      <td>2</td>\n",
       "      <td>1</td>\n",
       "    </tr>\n",
       "    <tr>\n",
       "      <th>butcher</th>\n",
       "      <td>0</td>\n",
       "      <td>1</td>\n",
       "      <td>1</td>\n",
       "      <td>1</td>\n",
       "      <td>1</td>\n",
       "      <td>0</td>\n",
       "      <td>0</td>\n",
       "    </tr>\n",
       "    <tr>\n",
       "      <th>drugstore</th>\n",
       "      <td>0</td>\n",
       "      <td>0</td>\n",
       "      <td>0</td>\n",
       "      <td>0</td>\n",
       "      <td>0</td>\n",
       "      <td>1</td>\n",
       "      <td>0</td>\n",
       "    </tr>\n",
       "    <tr>\n",
       "      <th>furniture store</th>\n",
       "      <td>1</td>\n",
       "      <td>0</td>\n",
       "      <td>0</td>\n",
       "      <td>0</td>\n",
       "      <td>0</td>\n",
       "      <td>0</td>\n",
       "      <td>0</td>\n",
       "    </tr>\n",
       "    <tr>\n",
       "      <th>supermarket</th>\n",
       "      <td>2</td>\n",
       "      <td>4</td>\n",
       "      <td>3</td>\n",
       "      <td>3</td>\n",
       "      <td>4</td>\n",
       "      <td>2</td>\n",
       "      <td>4</td>\n",
       "    </tr>\n",
       "  </tbody>\n",
       "</table>\n",
       "</div>"
      ],
      "text/plain": [
       "day              Friday  Monday  Saturday  Sunday  Thursday  Tuesday  \\\n",
       "store_type                                                             \n",
       "bakery                0       1         3       5         0        2   \n",
       "butcher               0       1         1       1         1        0   \n",
       "drugstore             0       0         0       0         0        1   \n",
       "furniture store       1       0         0       0         0        0   \n",
       "supermarket           2       4         3       3         4        2   \n",
       "\n",
       "day              Wednesday  \n",
       "store_type                  \n",
       "bakery                   1  \n",
       "butcher                  0  \n",
       "drugstore                0  \n",
       "furniture store          0  \n",
       "supermarket              4  "
      ]
     },
     "execution_count": 14,
     "metadata": {},
     "output_type": "execute_result"
    }
   ],
   "source": [
    "# Cross tabulation between DAY and STORE TYPE\n",
    "CrosstabResult=pd.crosstab(index=df_orders['store_type'],columns=df_orders['day'])\n",
    "CrosstabResult"
   ]
  },
  {
   "cell_type": "code",
   "execution_count": 15,
   "id": "f448e8e0",
   "metadata": {
    "scrolled": true
   },
   "outputs": [
    {
     "name": "stdout",
     "output_type": "stream",
     "text": [
      "The P-Value of the ChiSq Test is: 0.20212640487695582\n"
     ]
    }
   ],
   "source": [
    "# Performing Chi-sq test\n",
    "ChiSqResult = chi2_contingency(CrosstabResult)\n",
    "\n",
    "# P-Value is the Probability of H0 being True\n",
    "# If P-Value > 0.05 then only we Accept the assumption(H0)\n",
    "\n",
    "print('The P-Value of the ChiSq Test is:', ChiSqResult[1])"
   ]
  },
  {
   "cell_type": "markdown",
   "id": "3104a231",
   "metadata": {},
   "source": [
    "Not significant, let's get more specific:"
   ]
  },
  {
   "cell_type": "markdown",
   "id": "5d739133",
   "metadata": {},
   "source": [
    "### check correlation per store NAME"
   ]
  },
  {
   "cell_type": "code",
   "execution_count": 84,
   "id": "cc4406b5",
   "metadata": {
    "scrolled": false
   },
   "outputs": [
    {
     "data": {
      "text/html": [
       "<div>\n",
       "<style scoped>\n",
       "    .dataframe tbody tr th:only-of-type {\n",
       "        vertical-align: middle;\n",
       "    }\n",
       "\n",
       "    .dataframe tbody tr th {\n",
       "        vertical-align: top;\n",
       "    }\n",
       "\n",
       "    .dataframe thead th {\n",
       "        text-align: right;\n",
       "    }\n",
       "</style>\n",
       "<table border=\"1\" class=\"dataframe\">\n",
       "  <thead>\n",
       "    <tr style=\"text-align: right;\">\n",
       "      <th>day</th>\n",
       "      <th>Friday</th>\n",
       "      <th>Monday</th>\n",
       "      <th>Saturday</th>\n",
       "      <th>Sunday</th>\n",
       "      <th>Thursday</th>\n",
       "      <th>Tuesday</th>\n",
       "      <th>Wednesday</th>\n",
       "    </tr>\n",
       "    <tr>\n",
       "      <th>store_name</th>\n",
       "      <th></th>\n",
       "      <th></th>\n",
       "      <th></th>\n",
       "      <th></th>\n",
       "      <th></th>\n",
       "      <th></th>\n",
       "      <th></th>\n",
       "    </tr>\n",
       "  </thead>\n",
       "  <tbody>\n",
       "    <tr>\n",
       "      <th>Albert Heijn</th>\n",
       "      <td>1</td>\n",
       "      <td>4</td>\n",
       "      <td>0</td>\n",
       "      <td>1</td>\n",
       "      <td>2</td>\n",
       "      <td>0</td>\n",
       "      <td>4</td>\n",
       "    </tr>\n",
       "    <tr>\n",
       "      <th>Brabo</th>\n",
       "      <td>0</td>\n",
       "      <td>0</td>\n",
       "      <td>0</td>\n",
       "      <td>0</td>\n",
       "      <td>1</td>\n",
       "      <td>0</td>\n",
       "      <td>0</td>\n",
       "    </tr>\n",
       "    <tr>\n",
       "      <th>Carrefour</th>\n",
       "      <td>0</td>\n",
       "      <td>0</td>\n",
       "      <td>1</td>\n",
       "      <td>0</td>\n",
       "      <td>0</td>\n",
       "      <td>0</td>\n",
       "      <td>0</td>\n",
       "    </tr>\n",
       "    <tr>\n",
       "      <th>Delhaize</th>\n",
       "      <td>1</td>\n",
       "      <td>0</td>\n",
       "      <td>0</td>\n",
       "      <td>2</td>\n",
       "      <td>0</td>\n",
       "      <td>0</td>\n",
       "      <td>0</td>\n",
       "    </tr>\n",
       "    <tr>\n",
       "      <th>Ikea</th>\n",
       "      <td>1</td>\n",
       "      <td>0</td>\n",
       "      <td>0</td>\n",
       "      <td>0</td>\n",
       "      <td>0</td>\n",
       "      <td>0</td>\n",
       "      <td>0</td>\n",
       "    </tr>\n",
       "    <tr>\n",
       "      <th>Kruidvat</th>\n",
       "      <td>0</td>\n",
       "      <td>0</td>\n",
       "      <td>0</td>\n",
       "      <td>0</td>\n",
       "      <td>0</td>\n",
       "      <td>1</td>\n",
       "      <td>0</td>\n",
       "    </tr>\n",
       "    <tr>\n",
       "      <th>Okay</th>\n",
       "      <td>0</td>\n",
       "      <td>0</td>\n",
       "      <td>2</td>\n",
       "      <td>0</td>\n",
       "      <td>2</td>\n",
       "      <td>2</td>\n",
       "      <td>0</td>\n",
       "    </tr>\n",
       "    <tr>\n",
       "      <th>Sys</th>\n",
       "      <td>0</td>\n",
       "      <td>1</td>\n",
       "      <td>3</td>\n",
       "      <td>5</td>\n",
       "      <td>0</td>\n",
       "      <td>2</td>\n",
       "      <td>1</td>\n",
       "    </tr>\n",
       "    <tr>\n",
       "      <th>Versavel Poelman</th>\n",
       "      <td>0</td>\n",
       "      <td>1</td>\n",
       "      <td>1</td>\n",
       "      <td>1</td>\n",
       "      <td>0</td>\n",
       "      <td>0</td>\n",
       "      <td>0</td>\n",
       "    </tr>\n",
       "  </tbody>\n",
       "</table>\n",
