{
 "cells": [
  {
   "cell_type": "markdown",
   "id": "2cce2977",
   "metadata": {},
   "source": [
    "## 4: FIRST FILTER - FOR HOW MUCH WILL THEY SHOP?\n",
    "\n",
    "\n",
    "1. CHECK THE CORRELATIONS WITH ORDER PRICE AND AMOUNT\n",
    "2. WHAT DO THEY MEAN?\n",
    "3. USE AS FILTER TO LIMIT AMOUNT OF GROCERIES PER DAY/STORE/TIME/..."
   ]
  },
  {
   "cell_type": "markdown",
   "id": "87a037df",
   "metadata": {},
   "source": [
    "### Import libraries "
   ]
  },
  {
   "cell_type": "code",
   "execution_count": 60,
   "id": "419cb39a",
   "metadata": {},
   "outputs": [],
   "source": [
    "#Pandas is a software library written for the Python programming language for data manipulation and analysis.\n",
    "import pandas as pd\n",
    "#NumPy is a library for the Python programming language, adding support for large, multi-dimensional arrays and matrices, along with a large collection of high-level mathematical functions to operate on these arrays\n",
    "import numpy as np\n",
    "# Matplotlib is a plotting library for python and pyplot gives us a MatLab like plotting framework. We will use this in our plotter function to plot data.\n",
    "import matplotlib.pyplot as plt\n",
    "from matplotlib.pyplot import figure\n",
    "from matplotlib.ticker import StrMethodFormatter\n",
    "#Seaborn is a Python data visualization library based on matplotlib. It provides a high-level interface for drawing attractive and informative statistical graphics\n",
    "import seaborn as sns\n",
    "import dataframe_image as dfi"
   ]
  },
  {
   "cell_type": "markdown",
   "id": "f10011bb",
   "metadata": {},
   "source": [
    "### Load and view data "
   ]
  },
  {
   "cell_type": "code",
   "execution_count": 79,
   "id": "f90057bd",
   "metadata": {},
   "outputs": [
    {
     "data": {
      "text/html": [
       "<div>\n",
       "<style scoped>\n",
       "    .dataframe tbody tr th:only-of-type {\n",
       "        vertical-align: middle;\n",
       "    }\n",
       "\n",
       "    .dataframe tbody tr th {\n",
       "        vertical-align: top;\n",
       "    }\n",
       "\n",
       "    .dataframe thead th {\n",
       "        text-align: right;\n",
       "    }\n",
       "</style>\n",
       "<table border=\"1\" class=\"dataframe\">\n",
       "  <thead>\n",
       "    <tr style=\"text-align: right;\">\n",
       "      <th></th>\n",
       "      <th>week</th>\n",
       "      <th>order_ID</th>\n",
       "      <th>item_name</th>\n",
       "      <th>amount</th>\n",
       "      <th>price_unit</th>\n",
       "      <th>price_total</th>\n",
       "      <th>item_type</th>\n",
       "      <th>category</th>\n",
       "      <th>day</th>\n",
       "      <th>time</th>\n",
       "      <th>...</th>\n",
       "      <th>storetype_num</th>\n",
       "      <th>storename_num</th>\n",
       "      <th>cat_num</th>\n",
       "      <th>time_num</th>\n",
       "      <th>datetime</th>\n",
       "      <th>timestamp</th>\n",
       "      <th>dates</th>\n",
       "      <th>times</th>\n",
       "      <th>times_min</th>\n",
       "      <th>dates_days</th>\n",
       "    </tr>\n",
       "  </thead>\n",
       "  <tbody>\n",
       "    <tr>\n",
       "      <th>count</th>\n",
       "      <td>372.000000</td>\n",
       "      <td>372.000000</td>\n",
       "      <td>372</td>\n",
       "      <td>372.000000</td>\n",
       "      <td>372.000000</td>\n",
       "      <td>372.000000</td>\n",
       "      <td>372</td>\n",
       "      <td>372</td>\n",
       "      <td>372</td>\n",
       "      <td>372</td>\n",
       "      <td>...</td>\n",
       "      <td>372.000000</td>\n",
       "      <td>372.000000</td>\n",
       "      <td>372.000000</td>\n",
       "      <td>372.000000</td>\n",
       "      <td>372</td>\n",
       "      <td>3.720000e+02</td>\n",
       "      <td>372</td>\n",
       "      <td>372</td>\n",
       "      <td>372.000000</td>\n",
       "      <td>3.720000e+02</td>\n",
       "    </tr>\n",
       "    <tr>\n",
       "      <th>unique</th>\n",
       "      <td>NaN</td>\n",
       "      <td>NaN</td>\n",
       "      <td>314</td>\n",
       "      <td>NaN</td>\n",
       "      <td>NaN</td>\n",
       "      <td>NaN</td>\n",
       "      <td>139</td>\n",
       "      <td>16</td>\n",
       "      <td>7</td>\n",
       "      <td>4</td>\n",
       "      <td>...</td>\n",
       "      <td>NaN</td>\n",
       "      <td>NaN</td>\n",
       "      <td>NaN</td>\n",
       "      <td>NaN</td>\n",
       "      <td>40</td>\n",
       "      <td>NaN</td>\n",
       "      <td>26</td>\n",
       "      <td>35</td>\n",
       "      <td>NaN</td>\n",
       "      <td>NaN</td>\n",
       "    </tr>\n",
       "    <tr>\n",
       "      <th>top</th>\n",
       "      <td>NaN</td>\n",
       "      <td>NaN</td>\n",
       "      <td>GROF BROOD GESN.</td>\n",
       "      <td>NaN</td>\n",
       "      <td>NaN</td>\n",
       "      <td>NaN</td>\n",
       "      <td>charcuterie</td>\n",
       "      <td>fruit &amp; vegetables</td>\n",
       "      <td>Saturday</td>\n",
       "      <td>morning</td>\n",
       "      <td>...</td>\n",
       "      <td>NaN</td>\n",
       "      <td>NaN</td>\n",
       "      <td>NaN</td>\n",
       "      <td>NaN</td>\n",
       "      <td>2021-11-26 17:25:00</td>\n",
       "      <td>NaN</td>\n",
       "      <td>2022-01-08</td>\n",
       "      <td>17:25:00</td>\n",
       "      <td>NaN</td>\n",
       "      <td>NaN</td>\n",
       "    </tr>\n",
       "    <tr>\n",
       "      <th>freq</th>\n",
       "      <td>NaN</td>\n",
       "      <td>NaN</td>\n",
       "      <td>6</td>\n",
       "      <td>NaN</td>\n",
       "      <td>NaN</td>\n",
       "      <td>NaN</td>\n",
       "      <td>25</td>\n",
       "      <td>103</td>\n",
       "      <td>87</td>\n",
       "      <td>186</td>\n",
       "      <td>...</td>\n",
       "      <td>NaN</td>\n",
       "      <td>NaN</td>\n",
       "      <td>NaN</td>\n",
       "      <td>NaN</td>\n",
       "      <td>44</td>\n",
       "      <td>NaN</td>\n",
       "      <td>45</td>\n",
       "      <td>44</td>\n",
       "      <td>NaN</td>\n",
       "      <td>NaN</td>\n",
       "    </tr>\n",
       "    <tr>\n",
       "      <th>mean</th>\n",
       "      <td>4.043011</td>\n",
       "      <td>18.881720</td>\n",
       "      <td>NaN</td>\n",
       "      <td>1.274194</td>\n",
       "      <td>2.602328</td>\n",
       "      <td>2.867247</td>\n",
       "      <td>NaN</td>\n",
       "      <td>NaN</td>\n",
       "      <td>NaN</td>\n",
       "      <td>NaN</td>\n",
       "      <td>...</td>\n",
       "      <td>3.392473</td>\n",
       "      <td>4.212366</td>\n",
       "      <td>7.462366</td>\n",
       "      <td>1.387097</td>\n",
       "      <td>NaN</td>\n",
       "      <td>1.639888e+18</td>\n",
       "      <td>NaN</td>\n",
       "      <td>NaN</td>\n",
       "      <td>1353.930108</td>\n",
       "      <td>2.021425e+07</td>\n",
       "    </tr>\n",
       "    <tr>\n",
       "      <th>std</th>\n",
       "      <td>2.478648</td>\n",
       "      <td>10.908193</td>\n",
       "      <td>NaN</td>\n",
       "      <td>1.103819</td>\n",
       "      <td>1.947725</td>\n",
       "      <td>2.019200</td>\n",
       "      <td>NaN</td>\n",
       "      <td>NaN</td>\n",
       "      <td>NaN</td>\n",
       "      <td>NaN</td>\n",
       "      <td>...</td>\n",
       "      <td>1.344550</td>\n",
       "      <td>2.396214</td>\n",
       "      <td>4.079557</td>\n",
       "      <td>0.896621</td>\n",
       "      <td>NaN</td>\n",
       "      <td>1.924092e+15</td>\n",
       "      <td>NaN</td>\n",
       "      <td>NaN</td>\n",
       "      <td>371.187009</td>\n",
       "      <td>4.252837e+03</td>\n",
       "    </tr>\n",
       "    <tr>\n",
       "      <th>min</th>\n",
       "      <td>1.000000</td>\n",
       "      <td>1.000000</td>\n",
       "      <td>NaN</td>\n",
       "      <td>1.000000</td>\n",
       "      <td>0.064680</td>\n",
       "      <td>0.064680</td>\n",
       "      <td>NaN</td>\n",
       "      <td>NaN</td>\n",
       "      <td>NaN</td>\n",
       "      <td>NaN</td>\n",
       "      <td>...</td>\n",
       "      <td>0.000000</td>\n",
       "      <td>0.000000</td>\n",
       "      <td>0.000000</td>\n",
       "      <td>0.000000</td>\n",
       "      <td>NaN</td>\n",
       "      <td>1.637435e+18</td>\n",
       "      <td>NaN</td>\n",
       "      <td>NaN</td>\n",
       "      <td>802.000000</td>\n",
       "      <td>2.021112e+07</td>\n",
       "    </tr>\n",
       "    <tr>\n",
       "      <th>25%</th>\n",
       "      <td>1.000000</td>\n",
       "      <td>8.000000</td>\n",
       "      <td>NaN</td>\n",
       "      <td>1.000000</td>\n",
       "      <td>1.300000</td>\n",
       "      <td>1.543970</td>\n",
       "      <td>NaN</td>\n",
       "      <td>NaN</td>\n",
       "      <td>NaN</td>\n",
       "      <td>NaN</td>\n",
       "      <td>...</td>\n",
       "      <td>4.000000</td>\n",
       "      <td>3.000000</td>\n",
       "      <td>6.000000</td>\n",
       "      <td>1.000000</td>\n",
       "      <td>NaN</td>\n",
       "      <td>1.637948e+18</td>\n",
       "      <td>NaN</td>\n",
       "      <td>NaN</td>\n",
       "      <td>1055.000000</td>\n",
       "      <td>2.021113e+07</td>\n",
       "    </tr>\n",
       "    <tr>\n",
       "      <th>50%</th>\n",
       "      <td>4.000000</td>\n",
       "      <td>20.000000</td>\n",
       "      <td>NaN</td>\n",
       "      <td>1.000000</td>\n",
       "      <td>2.240250</td>\n",
       "      <td>2.462860</td>\n",
       "      <td>NaN</td>\n",
       "      <td>NaN</td>\n",
       "      <td>NaN</td>\n",
       "      <td>NaN</td>\n",
       "      <td>...</td>\n",
       "      <td>4.000000</td>\n",
       "      <td>4.000000</td>\n",
       "      <td>9.000000</td>\n",
       "      <td>2.000000</td>\n",
       "      <td>NaN</td>\n",
       "      <td>1.639306e+18</td>\n",
       "      <td>NaN</td>\n",
       "      <td>NaN</td>\n",
       "      <td>1179.500000</td>\n",
       "      <td>2.021121e+07</td>\n",
       "    </tr>\n",
       "    <tr>\n",
       "      <th>75%</th>\n",
       "      <td>6.000000</td>\n",
       "      <td>26.250000</td>\n",
       "      <td>NaN</td>\n",
       "      <td>1.000000</td>\n",
       "      <td>3.290000</td>\n",
       "      <td>3.875000</td>\n",
       "      <td>NaN</td>\n",
       "      <td>NaN</td>\n",
       "      <td>NaN</td>\n",
       "      <td>NaN</td>\n",
       "      <td>...</td>\n",
       "      <td>4.000000</td>\n",
       "      <td>6.000000</td>\n",
       "      <td>11.000000</td>\n",
       "      <td>2.000000</td>\n",
       "      <td>NaN</td>\n",
       "      <td>1.641640e+18</td>\n",
       "      <td>NaN</td>\n",
       "      <td>NaN</td>\n",
       "      <td>1725.000000</td>\n",
       "      <td>2.022011e+07</td>\n",
       "    </tr>\n",
       "    <tr>\n",
       "      <th>max</th>\n",
       "      <td>8.000000</td>\n",
       "      <td>39.000000</td>\n",
       "      <td>NaN</td>\n",
       "      <td>15.000000</td>\n",
       "      <td>15.610000</td>\n",
       "      <td>15.610000</td>\n",
       "      <td>NaN</td>\n",
       "      <td>NaN</td>\n",
       "      <td>NaN</td>\n",
       "      <td>NaN</td>\n",
       "      <td>...</td>\n",
       "      <td>4.000000</td>\n",
       "      <td>8.000000</td>\n",
       "      <td>15.000000</td>\n",
       "      <td>3.000000</td>\n",
       "      <td>NaN</td>\n",
       "      <td>1.643286e+18</td>\n",
       "      <td>NaN</td>\n",
       "      <td>NaN</td>\n",
       "      <td>1858.000000</td>\n",
       "      <td>2.022013e+07</td>\n",
       "    </tr>\n",
       "  </tbody>\n",
       "</table>\n",
       "<p>11 rows × 29 columns</p>\n",
       "</div>"
      ],
      "text/plain": [
       "              week    order_ID         item_name      amount  price_unit  \\\n",
       "count   372.000000  372.000000               372  372.000000  372.000000   \n",
       "unique         NaN         NaN               314         NaN         NaN   \n",
       "top            NaN         NaN  GROF BROOD GESN.         NaN         NaN   \n",
       "freq           NaN         NaN                 6         NaN         NaN   \n",
       "mean      4.043011   18.881720               NaN    1.274194    2.602328   \n",
       "std       2.478648   10.908193               NaN    1.103819    1.947725   \n",
       "min       1.000000    1.000000               NaN    1.000000    0.064680   \n",
       "25%       1.000000    8.000000               NaN    1.000000    1.300000   \n",
       "50%       4.000000   20.000000               NaN    1.000000    2.240250   \n",
       "75%       6.000000   26.250000               NaN    1.000000    3.290000   \n",
       "max       8.000000   39.000000               NaN   15.000000   15.610000   \n",
       "\n",
       "        price_total    item_type            category       day     time  ...  \\\n",
       "count    372.000000          372                 372       372      372  ...   \n",
       "unique          NaN          139                  16         7        4  ...   \n",
       "top             NaN  charcuterie  fruit & vegetables  Saturday  morning  ...   \n",
       "freq            NaN           25                 103        87      186  ...   \n",
       "mean       2.867247          NaN                 NaN       NaN      NaN  ...   \n",
       "std        2.019200          NaN                 NaN       NaN      NaN  ...   \n",
       "min        0.064680          NaN                 NaN       NaN      NaN  ...   \n",
       "25%        1.543970          NaN                 NaN       NaN      NaN  ...   \n",
       "50%        2.462860          NaN                 NaN       NaN      NaN  ...   \n",
       "75%        3.875000          NaN                 NaN       NaN      NaN  ...   \n",
       "max       15.610000          NaN                 NaN       NaN      NaN  ...   \n",
       "\n",
       "       storetype_num storename_num     cat_num    time_num  \\\n",
       "count     372.000000    372.000000  372.000000  372.000000   \n",
       "unique           NaN           NaN         NaN         NaN   \n",
       "top              NaN           NaN         NaN         NaN   \n",
       "freq             NaN           NaN         NaN         NaN   \n",
       "mean        3.392473      4.212366    7.462366    1.387097   \n",
       "std         1.344550      2.396214    4.079557    0.896621   \n",
       "min         0.000000      0.000000    0.000000    0.000000   \n",
       "25%         4.000000      3.000000    6.000000    1.000000   \n",
       "50%         4.000000      4.000000    9.000000    2.000000   \n",
       "75%         4.000000      6.000000   11.000000    2.000000   \n",
       "max         4.000000      8.000000   15.000000    3.000000   \n",
       "\n",
       "                   datetime     timestamp       dates     times    times_min  \\\n",
       "count                   372  3.720000e+02         372       372   372.000000   \n",
       "unique                   40           NaN          26        35          NaN   \n",
       "top     2021-11-26 17:25:00           NaN  2022-01-08  17:25:00          NaN   \n",
       "freq                     44           NaN          45        44          NaN   \n",
       "mean                    NaN  1.639888e+18         NaN       NaN  1353.930108   \n",
       "std                     NaN  1.924092e+15         NaN       NaN   371.187009   \n",
       "min                     NaN  1.637435e+18         NaN       NaN   802.000000   \n",
       "25%                     NaN  1.637948e+18         NaN       NaN  1055.000000   \n",
       "50%                     NaN  1.639306e+18         NaN       NaN  1179.500000   \n",
       "75%                     NaN  1.641640e+18         NaN       NaN  1725.000000   \n",
       "max                     NaN  1.643286e+18         NaN       NaN  1858.000000   \n",
       "\n",
       "          dates_days  \n",
       "count   3.720000e+02  \n",
       "unique           NaN  \n",
       "top              NaN  \n",
       "freq             NaN  \n",
       "mean    2.021425e+07  \n",
       "std     4.252837e+03  \n",
       "min     2.021112e+07  \n",
       "25%     2.021113e+07  \n",
       "50%     2.021121e+07  \n",
       "75%     2.022011e+07  \n",
       "max     2.022013e+07  \n",
       "\n",
       "[11 rows x 29 columns]"
      ]
     },
     "execution_count": 79,
     "metadata": {},
     "output_type": "execute_result"
    }
   ],
   "source": [
    "df = pd.read_csv (r\"C:\\Users\\20204113\\OneDrive - TU Eindhoven\\2_Research\\1_Groceries\\DATA\\9th week - narrative (3rd attempt)\\HH2\\df_HH2.csv\")\n",
    "\n",
    "# del df[\"HH\"]\n",
    "df.describe(include='all')"
   ]
  },
  {
   "cell_type": "code",
   "execution_count": 80,
   "id": "2750f198",
   "metadata": {},
   "outputs": [
    {
     "data": {
      "text/html": [
       "<div>\n",
       "<style scoped>\n",
       "    .dataframe tbody tr th:only-of-type {\n",
       "        vertical-align: middle;\n",
       "    }\n",
       "\n",
       "    .dataframe tbody tr th {\n",
       "        vertical-align: top;\n",
       "    }\n",
       "\n",
       "    .dataframe thead th {\n",
       "        text-align: right;\n",
       "    }\n",
       "</style>\n",
       "<table border=\"1\" class=\"dataframe\">\n",
       "  <thead>\n",
       "    <tr style=\"text-align: right;\">\n",
       "      <th></th>\n",
       "      <th>week</th>\n",
       "      <th>order_ID</th>\n",
       "      <th>amount</th>\n",
       "      <th>price_unit</th>\n",
       "      <th>price_total</th>\n",
       "      <th>promo</th>\n",
       "      <th>reorder</th>\n",
       "      <th>item_id</th>\n",
       "      <th>type_id</th>\n",
       "      <th>order_amount</th>\n",
       "      <th>order_price</th>\n",
       "      <th>day_num</th>\n",
       "      <th>storetype_num</th>\n",
       "      <th>storename_num</th>\n",
       "      <th>cat_num</th>\n",
       "      <th>time_num</th>\n",
       "      <th>timestamp</th>\n",
       "      <th>times_min</th>\n",
       "      <th>dates_days</th>\n",
       "    </tr>\n",
       "  </thead>\n",
       "  <tbody>\n",
       "    <tr>\n",
       "      <th>week</th>\n",
       "      <td>1.000000</td>\n",
       "      <td>0.983845</td>\n",
       "      <td>-0.006292</td>\n",
       "      <td>0.125175</td>\n",
       "      <td>0.115225</td>\n",
       "      <td>0.010478</td>\n",
       "      <td>0.260352</td>\n",
       "      <td>0.868604</td>\n",
       "      <td>0.439799</td>\n",
       "      <td>-0.167393</td>\n",
       "      <td>-0.026339</td>\n",
       "      <td>0.037875</td>\n",
       "      <td>0.060433</td>\n",
       "      <td>-0.127705</td>\n",
       "      <td>0.085194</td>\n",
       "      <td>0.460643</td>\n",
       "      <td>0.985761</td>\n",
       "      <td>-0.402949</td>\n",
       "      <td>0.846191</td>\n",
       "    </tr>\n",
       "    <tr>\n",
       "      <th>order_ID</th>\n",
       "      <td>0.983845</td>\n",
       "      <td>1.000000</td>\n",
       "      <td>0.005611</td>\n",
       "      <td>0.134515</td>\n",
       "      <td>0.129346</td>\n",
       "      <td>0.030952</td>\n",
       "      <td>0.283895</td>\n",
       "      <td>0.883791</td>\n",
       "      <td>0.462646</td>\n",
       "      <td>-0.118124</td>\n",
       "      <td>0.011544</td>\n",
       "      <td>0.048467</td>\n",
       "      <td>0.080177</td>\n",
       "      <td>-0.125979</td>\n",
       "      <td>0.082275</td>\n",
       "      <td>0.410639</td>\n",
       "      <td>0.972776</td>\n",
       "      <td>-0.386738</td>\n",
       "      <td>0.799191</td>\n",
       "    </tr>\n",
       "    <tr>\n",
       "      <th>amount</th>\n",
       "      <td>-0.006292</td>\n",
       "      <td>0.005611</td>\n",
       "      <td>1.000000</td>\n",
       "      <td>-0.209230</td>\n",
       "      <td>0.165403</td>\n",
       "      <td>-0.048528</td>\n",
       "      <td>0.010651</td>\n",
       "      <td>-0.043050</td>\n",
       "      <td>0.024686</td>\n",
       "      <td>-0.012262</td>\n",
       "      <td>-0.062144</td>\n",
       "      <td>0.163514</td>\n",
       "      <td>-0.112660</td>\n",
       "      <td>0.171548</td>\n",
       "      <td>-0.292798</td>\n",
       "      <td>0.044981</td>\n",
       "      <td>-0.022860</td>\n",
       "      <td>-0.049977</td>\n",
       "      <td>-0.071387</td>\n",
       "    </tr>\n",
       "    <tr>\n",
       "      <th>price_unit</th>\n",
       "      <td>0.125175</td>\n",
       "      <td>0.134515</td>\n",
       "      <td>-0.209230</td>\n",
       "      <td>1.000000</td>\n",
       "      <td>0.899533</td>\n",
       "      <td>0.183813</td>\n",
       "      <td>0.053878</td>\n",
       "      <td>0.136462</td>\n",
       "      <td>0.029568</td>\n",
       "      <td>-0.041801</td>\n",
       "      <td>0.030875</td>\n",
       "      <td>0.071248</td>\n",
       "      <td>0.061079</td>\n",
       "      <td>-0.066105</td>\n",
       "      <td>0.139905</td>\n",
       "      <td>0.083835</td>\n",
       "      <td>0.115674</td>\n",
       "      <td>-0.084926</td>\n",
       "      <td>0.083845</td>\n",
       "    </tr>\n",
       "    <tr>\n",
       "      <th>price_total</th>\n",
       "      <td>0.115225</td>\n",
       "      <td>0.129346</td>\n",
       "      <td>0.165403</td>\n",
       "      <td>0.899533</td>\n",
       "      <td>1.000000</td>\n",
       "      <td>0.179947</td>\n",
       "      <td>0.050948</td>\n",
       "      <td>0.110975</td>\n",
       "      <td>0.035410</td>\n",
       "      <td>-0.055200</td>\n",
       "      <td>0.010706</td>\n",
       "      <td>0.133835</td>\n",
       "      <td>0.002398</td>\n",
       "      <td>0.011269</td>\n",
       "      <td>0.009179</td>\n",
       "      <td>0.121559</td>\n",
       "      <td>0.096362</td>\n",
       "      <td>-0.126275</td>\n",
       "      <td>0.046190</td>\n",
       "    </tr>\n",
       "    <tr>\n",
       "      <th>promo</th>\n",
       "      <td>0.010478</td>\n",
       "      <td>0.030952</td>\n",
       "      <td>-0.048528</td>\n",
       "      <td>0.183813</td>\n",
       "      <td>0.179947</td>\n",
       "      <td>1.000000</td>\n",
       "      <td>-0.008377</td>\n",
       "      <td>0.037797</td>\n",
       "      <td>0.087143</td>\n",
       "      <td>-0.080867</td>\n",
       "      <td>-0.017922</td>\n",
       "      <td>0.033664</td>\n",
       "      <td>0.136420</td>\n",
       "      <td>-0.234044</td>\n",
       "      <td>0.099472</td>\n",
       "      <td>0.086898</td>\n",
       "      <td>0.002949</td>\n",
       "      <td>0.040621</td>\n",
       "      <td>-0.033650</td>\n",
       "    </tr>\n",
       "    <tr>\n",
       "      <th>reorder</th>\n",
       "      <td>0.260352</td>\n",
       "      <td>0.283895</td>\n",
       "      <td>0.010651</td>\n",
       "      <td>0.053878</td>\n",
       "      <td>0.050948</td>\n",
       "      <td>-0.008377</td>\n",
       "      <td>1.000000</td>\n",
       "      <td>0.168060</td>\n",
       "      <td>-0.425993</td>\n",
       "      <td>-0.168441</td>\n",
       "      <td>-0.131657</td>\n",
       "      <td>-0.000282</td>\n",
       "      <td>-0.233592</td>\n",
       "      <td>0.131240</td>\n",
       "      <td>-0.025548</td>\n",
       "      <td>0.129118</td>\n",
       "      <td>0.253852</td>\n",
       "      <td>-0.206410</td>\n",
       "      <td>0.186957</td>\n",
       "    </tr>\n",
       "    <tr>\n",
       "      <th>item_id</th>\n",
       "      <td>0.868604</td>\n",
       "      <td>0.883791</td>\n",
       "      <td>-0.043050</td>\n",
       "      <td>0.136462</td>\n",
       "      <td>0.110975</td>\n",
       "      <td>0.037797</td>\n",
       "      <td>0.168060</td>\n",
       "      <td>1.000000</td>\n",
       "      <td>0.513005</td>\n",
       "      <td>-0.019072</td>\n",
       "      <td>0.097113</td>\n",
       "      <td>0.072079</td>\n",
       "      <td>0.204650</td>\n",
       "      <td>-0.209381</td>\n",
       "      <td>0.136839</td>\n",
       "      <td>0.298844</td>\n",
       "      <td>0.863728</td>\n",
       "      <td>-0.297583</td>\n",
       "      <td>0.706667</td>\n",
       "    </tr>\n",
       "    <tr>\n",
       "      <th>type_id</th>\n",
       "      <td>0.439799</td>\n",
       "      <td>0.462646</td>\n",
       "      <td>0.024686</td>\n",
       "      <td>0.029568</td>\n",
       "      <td>0.035410</td>\n",
       "      <td>0.087143</td>\n",
       "      <td>-0.425993</td>\n",
       "      <td>0.513005</td>\n",
       "      <td>1.000000</td>\n",
       "      <td>0.050808</td>\n",
       "      <td>0.100285</td>\n",
       "      <td>0.079263</td>\n",
       "      <td>0.204804</td>\n",
       "      <td>-0.113204</td>\n",
       "      <td>0.052111</td>\n",
       "      <td>0.151548</td>\n",
       "      <td>0.442193</td>\n",
       "      <td>-0.129875</td>\n",
       "      <td>0.352110</td>\n",
       "    </tr>\n",
       "    <tr>\n",
       "      <th>order_amount</th>\n",
       "      <td>-0.167393</td>\n",
       "      <td>-0.118124</td>\n",
       "      <td>-0.012262</td>\n",
       "      <td>-0.041801</td>\n",
       "      <td>-0.055200</td>\n",
       "      <td>-0.080867</td>\n",
       "      <td>-0.168441</td>\n",
       "      <td>-0.019072</td>\n",
       "      <td>0.050808</td>\n",
       "      <td>1.000000</td>\n",
       "      <td>0.920146</td>\n",
       "      <td>-0.116226</td>\n",
       "      <td>0.666429</td>\n",
       "      <td>-0.017109</td>\n",
       "      <td>0.154839</td>\n",
       "      <td>-0.379538</td>\n",
       "      <td>-0.163762</td>\n",
       "      <td>0.248016</td>\n",
       "      <td>-0.213740</td>\n",
       "    </tr>\n",
       "    <tr>\n",
       "      <th>order_price</th>\n",
       "      <td>-0.026339</td>\n",
       "      <td>0.011544</td>\n",
       "      <td>-0.062144</td>\n",
       "      <td>0.030875</td>\n",
       "      <td>0.010706</td>\n",
       "      <td>-0.017922</td>\n",
       "      <td>-0.131657</td>\n",
       "      <td>0.097113</td>\n",
       "      <td>0.100285</td>\n",
       "      <td>0.920146</td>\n",
       "      <td>1.000000</td>\n",
       "      <td>-0.163981</td>\n",
       "      <td>0.685969</td>\n",
       "      <td>-0.128586</td>\n",
       "      <td>0.212201</td>\n",
       "      <td>-0.204887</td>\n",
       "      <td>-0.036339</td>\n",
       "      <td>0.069463</td>\n",
       "      <td>-0.076563</td>\n",
       "    </tr>\n",
       "    <tr>\n",
       "      <th>day_num</th>\n",
       "      <td>0.037875</td>\n",
       "      <td>0.048467</td>\n",
       "      <td>0.163514</td>\n",
       "      <td>0.071248</td>\n",
       "      <td>0.133835</td>\n",
       "      <td>0.033664</td>\n",
       "      <td>-0.000282</td>\n",
       "      <td>0.072079</td>\n",
       "      <td>0.079263</td>\n",
       "      <td>-0.116226</td>\n",
       "      <td>-0.163981</td>\n",
       "      <td>1.000000</td>\n",
       "      <td>-0.069984</td>\n",
       "      <td>0.332089</td>\n",
       "      <td>-0.108269</td>\n",
       "      <td>0.375540</td>\n",
       "      <td>-0.031768</td>\n",
       "      <td>-0.316375</td>\n",
       "      <td>-0.197257</td>\n",
       "    </tr>\n",
       "    <tr>\n",
       "      <th>storetype_num</th>\n",
       "      <td>0.060433</td>\n",
       "      <td>0.080177</td>\n",
       "      <td>-0.112660</td>\n",
       "      <td>0.061079</td>\n",
       "      <td>0.002398</td>\n",
       "      <td>0.136420</td>\n",
       "      <td>-0.233592</td>\n",
       "      <td>0.204650</td>\n",
       "      <td>0.204804</td>\n",
       "      <td>0.666429</td>\n",
       "      <td>0.685969</td>\n",
       "      <td>-0.069984</td>\n",
       "      <td>1.000000</td>\n",
       "      <td>-0.471853</td>\n",
       "      <td>0.335379</td>\n",
       "      <td>-0.229209</td>\n",
       "      <td>0.087094</td>\n",
       "      <td>0.348492</td>\n",
       "      <td>0.062080</td>\n",
       "    </tr>\n",
       "    <tr>\n",
       "      <th>storename_num</th>\n",
       "      <td>-0.127705</td>\n",
       "      <td>-0.125979</td>\n",
       "      <td>0.171548</td>\n",
       "      <td>-0.066105</td>\n",
       "      <td>0.011269</td>\n",
       "      <td>-0.234044</td>\n",
       "      <td>0.131240</td>\n",
       "      <td>-0.209381</td>\n",
       "      <td>-0.113204</td>\n",
       "      <td>-0.017109</td>\n",
       "      <td>-0.128586</td>\n",
       "      <td>0.332089</td>\n",
       "      <td>-0.471853</td>\n",
       "      <td>1.000000</td>\n",
       "      <td>-0.270087</td>\n",
       "      <td>0.159855</td>\n",
       "      <td>-0.165459</td>\n",
       "      <td>-0.390154</td>\n",
       "      <td>-0.182963</td>\n",
       "    </tr>\n",
       "    <tr>\n",
       "      <th>cat_num</th>\n",
       "      <td>0.085194</td>\n",
       "      <td>0.082275</td>\n",
       "      <td>-0.292798</td>\n",
       "      <td>0.139905</td>\n",
       "      <td>0.009179</td>\n",
       "      <td>0.099472</td>\n",
       "      <td>-0.025548</td>\n",
       "      <td>0.136839</td>\n",
       "      <td>0.052111</td>\n",
       "      <td>0.154839</td>\n",
       "      <td>0.212201</td>\n",
       "      <td>-0.108269</td>\n",
       "      <td>0.335379</td>\n",
       "      <td>-0.270087</td>\n",
       "      <td>1.000000</td>\n",
       "      <td>-0.116857</td>\n",
       "      <td>0.098262</td>\n",
       "      <td>0.138297</td>\n",
       "      <td>0.098177</td>\n",
       "    </tr>\n",
       "    <tr>\n",
       "      <th>time_num</th>\n",
       "      <td>0.460643</td>\n",
       "      <td>0.410639</td>\n",
       "      <td>0.044981</td>\n",
       "      <td>0.083835</td>\n",
       "      <td>0.121559</td>\n",
       "      <td>0.086898</td>\n",
       "      <td>0.129118</td>\n",
       "      <td>0.298844</td>\n",
       "      <td>0.151548</td>\n",
       "      <td>-0.379538</td>\n",
       "      <td>-0.204887</td>\n",
       "      <td>0.375540</td>\n",
       "      <td>-0.229209</td>\n",
       "      <td>0.159855</td>\n",
       "      <td>-0.116857</td>\n",
       "      <td>1.000000</td>\n",
       "      <td>0.389622</td>\n",
       "      <td>-0.741985</td>\n",
       "      <td>0.308242</td>\n",
       "    </tr>\n",
       "    <tr>\n",
       "      <th>timestamp</th>\n",
       "      <td>0.985761</td>\n",
       "      <td>0.972776</td>\n",
       "      <td>-0.022860</td>\n",
       "      <td>0.115674</td>\n",
       "      <td>0.096362</td>\n",
       "      <td>0.002949</td>\n",
       "      <td>0.253852</td>\n",
       "      <td>0.863728</td>\n",
       "      <td>0.442193</td>\n",
       "      <td>-0.163762</td>\n",
       "      <td>-0.036339</td>\n",
       "      <td>-0.031768</td>\n",
       "      <td>0.087094</td>\n",
       "      <td>-0.165459</td>\n",
       "      <td>0.098262</td>\n",
       "      <td>0.389622</td>\n",
       "      <td>1.000000</td>\n",
       "      <td>-0.350025</td>\n",
       "      <td>0.910300</td>\n",
       "    </tr>\n",
       "    <tr>\n",
       "      <th>times_min</th>\n",
       "      <td>-0.402949</td>\n",
       "      <td>-0.386738</td>\n",
       "      <td>-0.049977</td>\n",
       "      <td>-0.084926</td>\n",
       "      <td>-0.126275</td>\n",
       "      <td>0.040621</td>\n",
       "      <td>-0.206410</td>\n",
       "      <td>-0.297583</td>\n",
       "      <td>-0.129875</td>\n",
       "      <td>0.248016</td>\n",
       "      <td>0.069463</td>\n",
       "      <td>-0.316375</td>\n",
       "      <td>0.348492</td>\n",
       "      <td>-0.390154</td>\n",
       "      <td>0.138297</td>\n",
       "      <td>-0.741985</td>\n",
       "      <td>-0.350025</td>\n",
       "      <td>1.000000</td>\n",
       "      <td>-0.291386</td>\n",
       "    </tr>\n",
       "    <tr>\n",
       "      <th>dates_days</th>\n",
       "      <td>0.846191</td>\n",
       "      <td>0.799191</td>\n",
       "      <td>-0.071387</td>\n",
       "      <td>0.083845</td>\n",
       "      <td>0.046190</td>\n",
       "      <td>-0.033650</td>\n",
       "      <td>0.186957</td>\n",
       "      <td>0.706667</td>\n",
       "      <td>0.352110</td>\n",
       "      <td>-0.213740</td>\n",
       "      <td>-0.076563</td>\n",
       "      <td>-0.197257</td>\n",
       "      <td>0.062080</td>\n",
       "      <td>-0.182963</td>\n",
       "      <td>0.098177</td>\n",
       "      <td>0.308242</td>\n",
       "      <td>0.910300</td>\n",
       "      <td>-0.291386</td>\n",
       "      <td>1.000000</td>\n",
       "    </tr>\n",
       "  </tbody>\n",
       "</table>\n",
       "</div>"
      ],
      "text/plain": [
       "                   week  order_ID    amount  price_unit  price_total  \\\n",
       "week           1.000000  0.983845 -0.006292    0.125175     0.115225   \n",
       "order_ID       0.983845  1.000000  0.005611    0.134515     0.129346   \n",
       "amount        -0.006292  0.005611  1.000000   -0.209230     0.165403   \n",
       "price_unit     0.125175  0.134515 -0.209230    1.000000     0.899533   \n",
       "price_total    0.115225  0.129346  0.165403    0.899533     1.000000   \n",
       "promo          0.010478  0.030952 -0.048528    0.183813     0.179947   \n",
       "reorder        0.260352  0.283895  0.010651    0.053878     0.050948   \n",
       "item_id        0.868604  0.883791 -0.043050    0.136462     0.110975   \n",
       "type_id        0.439799  0.462646  0.024686    0.029568     0.035410   \n",
       "order_amount  -0.167393 -0.118124 -0.012262   -0.041801    -0.055200   \n",
       "order_price   -0.026339  0.011544 -0.062144    0.030875     0.010706   \n",
       "day_num        0.037875  0.048467  0.163514    0.071248     0.133835   \n",
       "storetype_num  0.060433  0.080177 -0.112660    0.061079     0.002398   \n",
       "storename_num -0.127705 -0.125979  0.171548   -0.066105     0.011269   \n",
       "cat_num        0.085194  0.082275 -0.292798    0.139905     0.009179   \n",
       "time_num       0.460643  0.410639  0.044981    0.083835     0.121559   \n",
       "timestamp      0.985761  0.972776 -0.022860    0.115674     0.096362   \n",
       "times_min     -0.402949 -0.386738 -0.049977   -0.084926    -0.126275   \n",
       "dates_days     0.846191  0.799191 -0.071387    0.083845     0.046190   \n",
       "\n",
       "                  promo   reorder   item_id   type_id  order_amount  \\\n",
       "week           0.010478  0.260352  0.868604  0.439799     -0.167393   \n",
       "order_ID       0.030952  0.283895  0.883791  0.462646     -0.118124   \n",
       "amount        -0.048528  0.010651 -0.043050  0.024686     -0.012262   \n",
       "price_unit     0.183813  0.053878  0.136462  0.029568     -0.041801   \n",
       "price_total    0.179947  0.050948  0.110975  0.035410     -0.055200   \n",
       "promo          1.000000 -0.008377  0.037797  0.087143     -0.080867   \n",
       "reorder       -0.008377  1.000000  0.168060 -0.425993     -0.168441   \n",
       "item_id        0.037797  0.168060  1.000000  0.513005     -0.019072   \n",
       "type_id        0.087143 -0.425993  0.513005  1.000000      0.050808   \n",
       "order_amount  -0.080867 -0.168441 -0.019072  0.050808      1.000000   \n",
       "order_price   -0.017922 -0.131657  0.097113  0.100285      0.920146   \n",
       "day_num        0.033664 -0.000282  0.072079  0.079263     -0.116226   \n",
       "storetype_num  0.136420 -0.233592  0.204650  0.204804      0.666429   \n",
       "storename_num -0.234044  0.131240 -0.209381 -0.113204     -0.017109   \n",
       "cat_num        0.099472 -0.025548  0.136839  0.052111      0.154839   \n",
       "time_num       0.086898  0.129118  0.298844  0.151548     -0.379538   \n",
       "timestamp      0.002949  0.253852  0.863728  0.442193     -0.163762   \n",
       "times_min      0.040621 -0.206410 -0.297583 -0.129875      0.248016   \n",
       "dates_days    -0.033650  0.186957  0.706667  0.352110     -0.213740   \n",
       "\n",
       "               order_price   day_num  storetype_num  storename_num   cat_num  \\\n",
       "week             -0.026339  0.037875       0.060433      -0.127705  0.085194   \n",
       "order_ID          0.011544  0.048467       0.080177      -0.125979  0.082275   \n",
       "amount           -0.062144  0.163514      -0.112660       0.171548 -0.292798   \n",
       "price_unit        0.030875  0.071248       0.061079      -0.066105  0.139905   \n",
       "price_total       0.010706  0.133835       0.002398       0.011269  0.009179   \n",
       "promo            -0.017922  0.033664       0.136420      -0.234044  0.099472   \n",
       "reorder          -0.131657 -0.000282      -0.233592       0.131240 -0.025548   \n",
       "item_id           0.097113  0.072079       0.204650      -0.209381  0.136839   \n",
       "type_id           0.100285  0.079263       0.204804      -0.113204  0.052111   \n",
       "order_amount      0.920146 -0.116226       0.666429      -0.017109  0.154839   \n",
       "order_price       1.000000 -0.163981       0.685969      -0.128586  0.212201   \n",
       "day_num          -0.163981  1.000000      -0.069984       0.332089 -0.108269   \n",
       "storetype_num     0.685969 -0.069984       1.000000      -0.471853  0.335379   \n",
       "storename_num    -0.128586  0.332089      -0.471853       1.000000 -0.270087   \n",
       "cat_num           0.212201 -0.108269       0.335379      -0.270087  1.000000   \n",
       "time_num         -0.204887  0.375540      -0.229209       0.159855 -0.116857   \n",
       "timestamp        -0.036339 -0.031768       0.087094      -0.165459  0.098262   \n",
       "times_min         0.069463 -0.316375       0.348492      -0.390154  0.138297   \n",
       "dates_days       -0.076563 -0.197257       0.062080      -0.182963  0.098177   \n",
       "\n",
       "               time_num  timestamp  times_min  dates_days  \n",
       "week           0.460643   0.985761  -0.402949    0.846191  \n",
       "order_ID       0.410639   0.972776  -0.386738    0.799191  \n",
       "amount         0.044981  -0.022860  -0.049977   -0.071387  \n",
       "price_unit     0.083835   0.115674  -0.084926    0.083845  \n",
       "price_total    0.121559   0.096362  -0.126275    0.046190  \n",
       "promo          0.086898   0.002949   0.040621   -0.033650  \n",
       "reorder        0.129118   0.253852  -0.206410    0.186957  \n",
       "item_id        0.298844   0.863728  -0.297583    0.706667  \n",
       "type_id        0.151548   0.442193  -0.129875    0.352110  \n",
       "order_amount  -0.379538  -0.163762   0.248016   -0.213740  \n",
       "order_price   -0.204887  -0.036339   0.069463   -0.076563  \n",
       "day_num        0.375540  -0.031768  -0.316375   -0.197257  \n",
       "storetype_num -0.229209   0.087094   0.348492    0.062080  \n",
       "storename_num  0.159855  -0.165459  -0.390154   -0.182963  \n",
       "cat_num       -0.116857   0.098262   0.138297    0.098177  \n",
       "time_num       1.000000   0.389622  -0.741985    0.308242  \n",
       "timestamp      0.389622   1.000000  -0.350025    0.910300  \n",
       "times_min     -0.741985  -0.350025   1.000000   -0.291386  \n",
       "dates_days     0.308242   0.910300  -0.291386    1.000000  "
      ]
     },
     "execution_count": 80,
     "metadata": {},
     "output_type": "execute_result"
